08 00 27 2d 6a b1 08 00 27 f8 b7 35 08 00 45 00
00 54 75 3c 40 00 40 01 44 19 c0 a8 00 02 c0 a8
00 01 08 00 c9 f3 08 d0 00 01 0e 75 8a 5c 94 66
0d 00 08 09 0a 0b 0c 0d 0e 0f 10 11 12 13 14 15
16 17 18 19 1a 1b 1c 1d 1e 1f 20 21 22 23 24 25
26 27 28 29 2a 2b 2c 2d 2e 2f 30 31 32 33 34 35
36 37


08 00 27 f8 b7 35 08 00 27 2d 6a b1 08 00 45 00
00 54 a6 e9 00 00 40 01 52 6c c0 a8 00 01 c0 a8
00 02 00 00 d1 f3 08 d0 00 01 0e 75 8a 5c 94 66
0d 00 08 09 0a 0b 0c 0d 0e 0f 10 11 12 13 14 15
16 17 18 19 1a 1b 1c 1d 1e 1f 20 21 22 23 24 25
26 27 28 29 2a 2b 2c 2d 2e 2f 30 31 32 33 34 35
36 37


01 00 5e 23 17 28 08 00 27 2d 6a b1 08 00 45 00
00 28 00 00 40 00 01 06 b8 5b c0 a8 00 01 e9 a3
17 28 00 50 04 94 00 00 00 00 4b 60 4d af 50 14
00 00 50 68 00 00


ff ff ff ff ff ff 08 00 27 2d 6a b1 08 00 45 10
01 48 00 00 00 00 80 11 39 96 00 00 00 00 ff ff
ff ff 00 44 00 43 01 34 e8 c1 01 01 06 00 e0 6b
e1 58 00 0c 00 00 00 00 00 00 00 00 00 00 00 00
00 00 00 00 00 00 08 00 27 2d 6a b1 00 00 00 00
00 00 00 00 00 00 00 00 00 00 00 00 00 00 00 00
00 00 00 00 00 00 00 00 00 00 00 00 00 00 00 00
00 00 00 00 00 00 00 00 00 00 00 00 00 00 00 00
00 00 00 00 00 00 00 00 00 00 00 00 00 00 00 00
00 00 00 00 00 00 00 00 00 00 00 00 00 00 00 00
00 00 00 00 00 00 00 00 00 00 00 00 00 00 00 00
00 00 00 00 00 00 00 00 00 00 00 00 00 00 00 00
00 00 00 00 00 00 00 00 00 00 00 00 00 00 00 00
00 00 00 00 00 00 00 00 00 00 00 00 00 00 00 00
00 00 00 00 00 00 00 00 00 00 00 00 00 00 00 00
00 00 00 00 00 00 00 00 00 00 00 00 00 00 00 00
00 00 00 00 00 00 00 00 00 00 00 00 00 00 00 00
00 00 00 00 00 00 63 82 53 63 35 01 01 32 04 0a 
00 02 0f 0c 07 6b 61 6c 69 52 79 53 37 11 01 1c
02 03 0f 06 77 0c 2c 2f 1a 79 2a f9 21 fc 11 ff
00 00 00 00 00 00 00 00 00 00 00 00 00 00 00 00
00 00 00 00 00 00
;

33 33 00 00 00 02 08 00 27 2d 6a b1 86 dd 60 08
5a 48 00 08 3a ff fe 80 00 00 00 00 00 00 0a 00 
27 ff fe 2d 6a b1 ff 02 00 00 00 00 00 00 00 00
00 00 00 00 00 02 85 00 e2 58 00 00 00 00
;

33 33 00 00 00 16 08 00 27 2d 6a b1 86 dd 60 00
00 00 00 24 00 01 fe 80 00 00 00 00 00 00 0a 00
27 ff fe 2d 6a b1 ff 02 00 00 00 00 00 00 00 00
00 00 00 00 00 16 3a 00 05 02 00 00 01 00 8f 00
6b 4c 00 00 00 01 04 00 00 00 ff 02 00 00 00 00 
00 00 00 00 00 01 ff 2d 6a b1
;

08 00 27 2d 6a b1 08 00 27 2d 6a b1 08 00 45 00
00 28 01 1a 00 00 40 06 91 08 99 5d 8e a6 c0 a8
00 02 91 db 00 50 5b 9d f1 07 74 58 39 55 50 02
02 00 38 b6 00 00 
;

08 00 27 2d 6a b1 08 00 27 2d 6a b1 08 00 45 00
00 28 33 3f 00 00 40 06 39 a6 14 57 38 eb c0 a8
00 01 d8 d4 00 50 29 76 15 2a 16 80 54 ee 50 02
02 00 1c c4 00 00 00 00 00 00 00 00
;

ff ff ff ff ff ff 08 00 27 2d 6a b1 08 00 45 00
00 4e 2c b2 40 00 40 11 8b 9b c0 a8 00 02 c0 a8
00 ff 8c f8 00 89 00 3a 24 78 4a b2 01 10 00 01
00 00 00 00 00 00 20 46 48 45 50 46 43 45 4c 45 
48 46 43 45 50 46 46 46 41 43 41 43 41 43 41 43
41 43 41 43 41 42 4c 00 00 20 00 01
;